Base	G	A	T	C	Library
1	33.995104570274705	20.731035468711582	15.904242355989846	29.36961760502387	V01_DN_R1_rmphix_fastqc
2	31.656466869465504	22.58864049652265	20.77085775887826	24.984034875133585	V01_DN_R1_rmphix_fastqc
3	27.125435607871605	21.00224676833999	21.70937506912309	30.16294255466531	V01_DN_R1_rmphix_fastqc
4	30.087633177566524	20.055628047050554	20.141637493951038	29.71510128143189	V01_DN_R1_rmphix_fastqc
5	29.840740890173883	20.601930160565583	20.34384270345638	29.213486245804148	V01_DN_R1_rmphix_fastqc
6	29.660812713653474	19.774253651657453	20.293406554915965	30.271527079773108	V01_DN_R1_rmphix_fastqc
7	30.9189970724077	20.032309087379126	19.80371332818331	29.244980512029866	V01_DN_R1_rmphix_fastqc
8	28.98115383700217	20.122141395313733	20.88778508702896	30.00891968065514	V01_DN_R1_rmphix_fastqc
9	29.3289997065363	19.450640582931133	20.692358558944946	30.528001151587624	V01_DN_R1_rmphix_fastqc
10-14	29.8772354192213	20.150192623425085	20.15379970957094	29.818772247782675	V01_DN_R1_rmphix_fastqc
15-19	29.87367808938529	19.97584060206514	20.088789395974654	30.06169191257491	V01_DN_R1_rmphix_fastqc
20-24	29.854444566125714	20.01569392834589	20.110727002251792	30.0191345032766	V01_DN_R1_rmphix_fastqc
25-29	30.033929862224777	20.04488905894709	19.961532953480855	29.959648125347275	V01_DN_R1_rmphix_fastqc
30-34	30.072060930493244	19.876484640842946	19.8591320046231	30.192322424040714	V01_DN_R1_rmphix_fastqc
35-39	29.969030884529747	19.93803861513312	19.945974992872777	30.146955507464355	V01_DN_R1_rmphix_fastqc
40-44	30.133240993504433	19.909060737330382	19.85688164003497	30.10081662913021	V01_DN_R1_rmphix_fastqc
45-49	30.126392850304	19.763082621140725	19.821758611647223	30.288765916908044	V01_DN_R1_rmphix_fastqc
50-54	30.020411976356165	19.888307684559862	19.917311658868062	30.173968680215907	V01_DN_R1_rmphix_fastqc
55-59	30.166957766970736	19.866802096696027	19.834976574967058	30.13126356136618	V01_DN_R1_rmphix_fastqc
60-64	30.147171344819725	19.774278217704868	19.802141900401136	30.276408537074275	V01_DN_R1_rmphix_fastqc
65-69	30.04794622768866	19.859923494925557	19.893049791399477	30.199080485986308	V01_DN_R1_rmphix_fastqc
70-74	30.181665894670278	19.875259753449956	19.81056983211056	30.13250451976921	V01_DN_R1_rmphix_fastqc
75-79	30.181584611658856	19.75506332322198	19.7653953024158	30.297956762703365	V01_DN_R1_rmphix_fastqc
80-84	30.06084411113485	19.86079736403141	19.879682919364612	30.198675605469127	V01_DN_R1_rmphix_fastqc
85-89	30.209564531859208	19.845257571479465	19.792377414073346	30.152800482587978	V01_DN_R1_rmphix_fastqc
90-94	30.180771728126267	19.75210431454774	19.765010856751136	30.30211310057485	V01_DN_R1_rmphix_fastqc
95-99	30.097055489719548	19.835515091311244	19.846884431161556	30.220544987807656	V01_DN_R1_rmphix_fastqc
100-104	30.22708719303544	19.835494095986633	19.772154700617296	30.16526401036063	V01_DN_R1_rmphix_fastqc
105-109	30.223299607637085	19.72365515654681	19.725631754924553	30.327413480891558	V01_DN_R1_rmphix_fastqc
110-114	30.12973706022215	19.80227843972248	19.8202737891257	30.24771071092967	V01_DN_R1_rmphix_fastqc
115-119	30.266478160834808	19.806012364678136	19.73474184232708	30.192767632159974	V01_DN_R1_rmphix_fastqc
120-124	30.262429654548956	19.700846325489405	19.696437030713888	30.340286989247755	V01_DN_R1_rmphix_fastqc
125-129	30.17527245252105	19.771223257419184	19.76842904041916	30.28507524964061	V01_DN_R1_rmphix_fastqc
130-134	30.314588761687457	19.761734265301445	19.68047084696691	30.243206126044186	V01_DN_R1_rmphix_fastqc
135-139	30.315871482010966	19.64864296679677	19.63984799241	30.395637558782262	V01_DN_R1_rmphix_fastqc
140-144	30.23850126381514	19.71705617884161	19.71430166799857	30.33014088934468	V01_DN_R1_rmphix_fastqc
145-149	30.35931028635081	19.823112957101728	19.603721253210423	30.21385550333704	V01_DN_R1_rmphix_fastqc
150-151	30.61236562228091	19.255177970298913	19.51408049872748	30.6183759086927	V01_DN_R1_rmphix_fastqc
1	34.6905253591408	20.572822719302536	15.574527981347591	29.16212394020907	V01_DN_R2_rmphix_fastqc
2	32.34435277952787	22.898324261674247	19.94415913388157	24.813163824916316	V01_DN_R2_rmphix_fastqc
3	27.610096550395035	21.255252677566848	20.953581648848242	30.181069123189875	V01_DN_R2_rmphix_fastqc
4	30.605426403446923	19.960859519069302	19.56305043225671	29.87066364522707	V01_DN_R2_rmphix_fastqc
5	29.987916113620354	20.66721684336807	20.00001182328155	29.34485521973002	V01_DN_R2_rmphix_fastqc
6	29.885085585532995	19.804321734546342	19.891153884787936	30.41943879513273	V01_DN_R2_rmphix_fastqc
7	31.27889283638702	19.986619493743834	19.44552701366126	29.28896065620789	V01_DN_R2_rmphix_fastqc
8	29.177356267937824	20.191753428616174	20.637210340070585	29.993679963375413	V01_DN_R2_rmphix_fastqc
9	29.58361161150687	19.511163468542904	20.430241333374518	30.47498358657571	V01_DN_R2_rmphix_fastqc
10-14	30.06925536430905	20.25448726787758	19.997284586337617	29.678972781475753	V01_DN_R2_rmphix_fastqc
15-19	30.044080642071187	20.02500870365945	19.974493240605305	29.95641741366406	V01_DN_R2_rmphix_fastqc
20-24	30.034114108362246	20.039477937091572	20.00599883747584	29.92040911707034	V01_DN_R2_rmphix_fastqc
25-29	30.24104074829943	20.064474817469467	19.839828034310965	29.85465639992013	V01_DN_R2_rmphix_fastqc
30-34	30.272092134103794	19.91609558985194	19.732887437975187	30.078924838069078	V01_DN_R2_rmphix_fastqc
35-39	30.1876867124001	19.981915798234322	19.811215692962776	30.019181796402794	V01_DN_R2_rmphix_fastqc
40-44	30.34996814857214	19.966095754885245	19.711709477537564	29.97222661900505	V01_DN_R2_rmphix_fastqc
45-49	30.3461039060526	19.825662757741995	19.673765611226955	30.154467724978453	V01_DN_R2_rmphix_fastqc
50-54	30.213379207350062	19.946086412150468	19.775591837347278	30.06494254315219	V01_DN_R2_rmphix_fastqc
55-59	30.371175970075843	19.927721096638855	19.67273020063236	30.02837273265294	V01_DN_R2_rmphix_fastqc
60-64	30.3652551039031	19.811778493861127	19.629532091074918	30.193434311160853	V01_DN_R2_rmphix_fastqc
65-69	30.268745602761754	19.89241226760134	19.71862896915124	30.120213160485665	V01_DN_R2_rmphix_fastqc
70-74	30.411555707987915	19.87888259431692	19.627048901691825	30.082512796003336	V01_DN_R2_rmphix_fastqc
75-79	30.407397655891	19.756878545915228	19.575044081365263	30.260679716828502	V01_DN_R2_rmphix_fastqc
80-84	30.296572782700025	19.859276938598697	19.679936686413974	30.164213592287304	V01_DN_R2_rmphix_fastqc
85-89	30.45567820343927	19.844551229235588	19.57390592983399	30.12586463749115	V01_DN_R2_rmphix_fastqc
90-94	30.456672712905164	19.71994454963437	19.51917852321881	30.304204214241658	V01_DN_R2_rmphix_fastqc
95-99	30.35809909120929	19.8106473250464	19.60008868405919	30.231164899685115	V01_DN_R2_rmphix_fastqc
100-104	30.5034903249834	19.788154800918708	19.508195159952795	30.200159714145098	V01_DN_R2_rmphix_fastqc
105-109	30.517701501992335	19.661429081444734	19.443655370726308	30.377214045836627	V01_DN_R2_rmphix_fastqc
110-114	30.438451390081518	19.72389628089215	19.51774367903372	30.319908649992616	V01_DN_R2_rmphix_fastqc
115-119	30.593576830566633	19.71671899332326	19.398926058900155	30.290778117209953	V01_DN_R2_rmphix_fastqc
120-124	30.62349801440949	19.56738199361829	19.333541568590434	30.475578423381787	V01_DN_R2_rmphix_fastqc
125-129	30.550516036244012	19.62589049221264	19.390986636985993	30.432606834557358	V01_DN_R2_rmphix_fastqc
130-134	30.72694820789214	19.590413023148294	19.27152299197751	30.411115776982058	V01_DN_R2_rmphix_fastqc
135-139	30.76158442259952	19.454658703173404	19.190333647729926	30.59342322649716	V01_DN_R2_rmphix_fastqc
140-144	30.706875757212526	19.48992070321539	19.230749723332057	30.572453816240024	V01_DN_R2_rmphix_fastqc
145-149	30.8669394688945	19.565460229091297	19.091112509873263	30.476487792140944	V01_DN_R2_rmphix_fastqc
150-151	31.153396919361505	19.025362163522153	18.997128652934787	30.824112264181558	V01_DN_R2_rmphix_fastqc
1	33.541524298217304	21.09405649487313	15.590689280515274	29.77372992639429	V03_DN_R1_rmphix_fastqc
2	32.133578077366046	22.837456118213254	20.547556528805856	24.481409275614848	V03_DN_R1_rmphix_fastqc
3	26.825319446292657	21.17105495287617	21.544559888290877	30.4590657125403	V03_DN_R1_rmphix_fastqc
4	29.910016512348026	20.17276380879701	20.102520294523973	29.81469938433099	V03_DN_R1_rmphix_fastqc
5	29.708803461396442	20.75845824953626	20.4097346086632	29.123003680404096	V03_DN_R1_rmphix_fastqc
6	29.414769846426285	19.97059216154223	20.366887460715	30.247750531316488	V03_DN_R1_rmphix_fastqc
7	30.787959050767395	20.147513750129075	19.880365601256226	29.184161597847307	V03_DN_R1_rmphix_fastqc
8	28.821946504058538	20.266874790916056	21.031529154139626	29.87964955088578	V03_DN_R1_rmphix_fastqc
9	29.130243189298355	19.60014736048006	20.837545078056998	30.432064372164586	V03_DN_R1_rmphix_fastqc
10-14	29.748379794485906	20.316984095912932	20.253039402073973	29.681596707527184	V03_DN_R1_rmphix_fastqc
15-19	29.71704686290274	20.125271682388394	20.234921931943404	29.922759522765464	V03_DN_R1_rmphix_fastqc
20-24	29.7046335674775	20.16770694994697	20.24402859682385	29.88363088575168	V03_DN_R1_rmphix_fastqc
25-29	29.895191451828072	20.182639457525084	20.09641846036319	29.825750630283654	V03_DN_R1_rmphix_fastqc
30-34	29.94008114728387	20.01874845824664	19.98850737838685	30.052663016082636	V03_DN_R1_rmphix_fastqc
35-39	29.837747831709148	20.08348373068511	20.075407293479973	30.003361144125773	V03_DN_R1_rmphix_fastqc
40-44	30.024990131593416	20.048185265274014	19.96559113302633	29.96123347010624	V03_DN_R1_rmphix_fastqc
45-49	29.99322688507634	19.916803321504588	19.949180701697234	30.140789091721835	V03_DN_R1_rmphix_fastqc
50-54	29.889869381354995	20.018424808784207	20.057837094129404	30.033868715731394	V03_DN_R1_rmphix_fastqc
55-59	30.0310743254142	20.013054350323248	19.962919691041787	29.992951633220766	V03_DN_R1_rmphix_fastqc
60-64	30.01002608257449	19.92506383197019	19.92936608793518	30.135543997520138	V03_DN_R1_rmphix_fastqc
65-69	29.911832436182245	20.01071606279889	20.025217258767256	30.052234242251608	V03_DN_R1_rmphix_fastqc
70-74	30.050385131213403	20.017595630334455	19.94451344087284	29.9875057975793	V03_DN_R1_rmphix_fastqc
75-79	30.033480081701537	19.901408089958128	19.903723595089666	30.16138823325067	V03_DN_R1_rmphix_fastqc
80-84	29.9177167215402	19.999095980012676	20.01894617486612	30.064241123581002	V03_DN_R1_rmphix_fastqc
85-89	30.06549382314492	19.99490856079469	19.92045731120775	30.019140304852648	V03_DN_R1_rmphix_fastqc
90-94	30.043358691948395	19.90501204153363	19.889687441648686	30.161941824869288	V03_DN_R1_rmphix_fastqc
95-99	29.945117548298285	19.982060282519313	19.990517376678913	30.08230479250349	V03_DN_R1_rmphix_fastqc
100-104	30.074007959053844	19.985603255755347	19.912664013618166	30.027724771572643	V03_DN_R1_rmphix_fastqc
105-109	30.076397832757124	19.875058589293765	19.86821629712982	30.18032728081929	V03_DN_R1_rmphix_fastqc
110-114	29.982658821669382	19.95819913099906	19.952477992111476	30.106664055220083	V03_DN_R1_rmphix_fastqc
115-119	30.119336914628903	19.953124452260077	19.8752835566004	30.05225507651062	V03_DN_R1_rmphix_fastqc
120-124	30.109190842653668	19.84390783477569	19.82970744954277	30.217193873027874	V03_DN_R1_rmphix_fastqc
125-129	30.029380233082918	19.91842142745542	19.912201200129857	30.139997139331804	V03_DN_R1_rmphix_fastqc
130-134	30.1596458024529	19.909499417232844	19.82182184143351	30.10903293888075	V03_DN_R1_rmphix_fastqc
135-139	30.17023219280233	19.799403332500255	19.772673974373546	30.257690500323864	V03_DN_R1_rmphix_fastqc
140-144	30.092600088908355	19.864507154440727	19.845228310216015	30.197664446434903	V03_DN_R1_rmphix_fastqc
145-149	30.22385763694247	19.936340851455288	19.737810416429603	30.101991095172636	V03_DN_R1_rmphix_fastqc
150-151	30.452095697288968	19.379482475073065	19.65982237952433	30.50859944811364	V03_DN_R1_rmphix_fastqc
1	33.79616855904725	21.19849082179592	15.348820158879963	29.656520460276862	V03_DN_R2_rmphix_fastqc
2	32.541028909342046	23.312361581261488	19.92255700612888	24.22405250326759	V03_DN_R2_rmphix_fastqc
3	27.127430025169208	21.499126637129084	21.072667156481288	30.300776181220417	V03_DN_R2_rmphix_fastqc
4	30.276300373412763	20.161447632107805	19.723298016872295	29.838953977607137	V03_DN_R2_rmphix_fastqc
5	29.727472387751995	20.89327270545293	20.221934005437507	29.15732090135757	V03_DN_R2_rmphix_fastqc
6	29.507458735128488	20.019243557436205	20.153589249226584	30.319708458208716	V03_DN_R2_rmphix_fastqc
7	30.992021555565312	20.133664140352824	19.666274704363236	29.208039599718628	V03_DN_R2_rmphix_fastqc
8	28.855363065848007	20.325625683575947	20.92826147051991	29.890749780056137	V03_DN_R2_rmphix_fastqc
9	29.299132583586374	19.64700533856502	20.70571175130304	30.34815032654557	V03_DN_R2_rmphix_fastqc
10-14	29.8270215604373	20.41225276741354	20.178677083904752	29.582048588244415	V03_DN_R2_rmphix_fastqc
15-19	29.792055443524735	20.18747299503855	20.169764245090004	29.850707316346707	V03_DN_R2_rmphix_fastqc
20-24	29.791529268960502	20.22128563617968	20.183464271706853	29.803720823152968	V03_DN_R2_rmphix_fastqc
25-29	29.999175449168863	20.236444625301957	20.02134667558934	29.74303324993984	V03_DN_R2_rmphix_fastqc
30-34	30.02756780758676	20.078392109551547	19.923757885014215	29.97028219784748	V03_DN_R2_rmphix_fastqc
35-39	29.94293902835046	20.155128797025633	19.989404877343258	29.91252729728065	V03_DN_R2_rmphix_fastqc
40-44	30.118388486900244	20.124570643004017	19.881632317799745	29.875408552295994	V03_DN_R2_rmphix_fastqc
45-49	30.10212869213308	19.99081749013732	19.845968321710398	30.061085496019206	V03_DN_R2_rmphix_fastqc
50-54	29.992607526888825	20.100583132637105	19.94920601668075	29.957603323793315	V03_DN_R2_rmphix_fastqc
55-59	30.147039851708847	20.094484669002053	19.841279948600924	29.91719553068818	V03_DN_R2_rmphix_fastqc
60-64	30.141692113574237	19.967915251883756	19.806426396587064	30.08396623795494	V03_DN_R2_rmphix_fastqc
65-69	30.032141427501312	20.05466628902099	19.909170363540955	30.004021919936747	V03_DN_R2_rmphix_fastqc
70-74	30.181339196831342	20.048309235760883	19.80374271415722	29.966608853250555	V03_DN_R2_rmphix_fastqc
75-79	30.178558681460416	19.928250255200073	19.75586023746981	30.1373308258697	V03_DN_R2_rmphix_fastqc
80-84	30.07658207788432	20.02585820360399	19.862429466587347	30.03513025192434	V03_DN_R2_rmphix_fastqc
85-89	30.234780864617456	20.010018007748503	19.751642135698823	30.00355899193522	V03_DN_R2_rmphix_fastqc
90-94	30.221349530028903	19.893880772091162	19.709711561759143	30.175058136120796	V03_DN_R2_rmphix_fastqc
95-99	30.132803958880945	19.967945738317226	19.791575460502564	30.107674842299264	V03_DN_R2_rmphix_fastqc
100-104	30.29036340725128	19.95960761071536	19.68741669498842	30.06261228704494	V03_DN_R2_rmphix_fastqc
105-109	30.29978205233806	19.82818371657515	19.62953793085765	30.24249630022914	V03_DN_R2_rmphix_fastqc
110-114	30.21815998588914	19.909039236957216	19.696359583914965	30.176441193238674	V03_DN_R2_rmphix_fastqc
115-119	30.38361277228153	19.87332949523343	19.586480006414245	30.156577726070793	V03_DN_R2_rmphix_fastqc
120-124	30.399899994001757	19.74337958292806	19.522727011346856	30.33399341172333	V03_DN_R2_rmphix_fastqc
125-129	30.33109885381223	19.79749314905794	19.58167457501232	30.289733422117514	V03_DN_R2_rmphix_fastqc
130-134	30.500570230097573	19.760847592411697	19.46934988281098	30.26923229467975	V03_DN_R2_rmphix_fastqc
135-139	30.544139645284602	19.61521888701031	19.378669156697146	30.461972311007944	V03_DN_R2_rmphix_fastqc
140-144	30.489725746670278	19.660820536349664	19.423685890246215	30.425767826733846	V03_DN_R2_rmphix_fastqc
145-149	30.664919886277232	19.70437141016722	19.283226628585833	30.347482074969722	V03_DN_R2_rmphix_fastqc
150-151	30.91926494898368	19.155706857892326	19.190708978925784	30.73431921419821	V03_DN_R2_rmphix_fastqc
1	32.67502649723565	21.77391610086377	14.864923740621231	30.686133661279356	V05_DN_R1_rmphix_fastqc
2	32.461070229384745	23.214356890343193	21.23909816589379	23.08547471437827	V05_DN_R1_rmphix_fastqc
3	25.661743548654105	21.58680983174728	22.28080029070588	30.470646328892737	V05_DN_R1_rmphix_fastqc
4	29.43981439861094	20.46925636959214	20.44317735822488	29.647751873572037	V05_DN_R1_rmphix_fastqc
5	29.55036380420878	20.96591042988801	20.643728628739325	28.83999713716389	V05_DN_R1_rmphix_fastqc
6	29.114028595194103	20.093858256445525	20.681416091408263	30.110697056952105	V05_DN_R1_rmphix_fastqc
7	30.7011533680074	20.318684718826727	20.047500822628976	28.9326610905369	V05_DN_R1_rmphix_fastqc
8	28.343750390948784	20.37557413101723	21.419443748616224	29.861231729417764	V05_DN_R1_rmphix_fastqc
9	28.850736409311082	19.640874084379767	21.192973482980527	30.315416023328623	V05_DN_R1_rmphix_fastqc
10-14	29.604063074331037	20.455044017559892	20.392687868528327	29.548205039580743	V05_DN_R1_rmphix_fastqc
15-19	29.560334271028538	20.266318674972382	20.38070046966223	29.79264658433685	V05_DN_R1_rmphix_fastqc
20-24	29.55368195927383	20.33641088215211	20.388176865083903	29.72173029349016	V05_DN_R1_rmphix_fastqc
25-29	29.74928145432074	20.334222296314593	20.241663080848063	29.6748331685166	V05_DN_R1_rmphix_fastqc
30-34	29.782411363364602	20.16450324702057	20.133233890509903	29.919851499104926	V05_DN_R1_rmphix_fastqc
35-39	29.694432976613484	20.236569472798838	20.230995816011575	29.838001734576107	V05_DN_R1_rmphix_fastqc
40-44	29.888016266960634	20.20028869840167	20.10680793482742	29.80488709981028	V05_DN_R1_rmphix_fastqc
45-49	29.865825650371487	20.04882095665858	20.07815338924592	30.007200003724016	V05_DN_R1_rmphix_fastqc
50-54	29.749571877537317	20.161701887504666	20.200312202220427	29.888414032737593	V05_DN_R1_rmphix_fastqc
55-59	29.916456076754095	20.15903932383144	20.08949623517004	29.835008364244427	V05_DN_R1_rmphix_fastqc
60-64	29.878673377930347	20.050211816311045	20.06900169947822	30.002113106280387	V05_DN_R1_rmphix_fastqc
65-69	29.767182497642388	20.163732818002657	20.166983652696715	29.902101031658248	V05_DN_R1_rmphix_fastqc
70-74	29.92301365350995	20.156844218354838	20.081524432696188	29.838617695439023	V05_DN_R1_rmphix_fastqc
75-79	29.87869065742941	20.055129886914656	20.04914511602077	30.017034339635163	V05_DN_R1_rmphix_fastqc
80-84	29.775365936109594	20.163787594799686	20.17111021344469	29.88973625564603	V05_DN_R1_rmphix_fastqc
85-89	29.916080025359467	20.1526261184668	20.0773368848795	29.85395697129423	V05_DN_R1_rmphix_fastqc
90-94	29.883346487954114	20.055844521469947	20.052223214265567	30.008585776310376	V05_DN_R1_rmphix_fastqc
95-99	29.77509561718103	20.155500072461834	20.150139629941734	29.919264680415402	V05_DN_R1_rmphix_fastqc
100-104	29.92397956187613	20.162310382227354	20.05944943883934	29.854260617057182	V05_DN_R1_rmphix_fastqc
105-109	29.90972924472559	20.040877287983136	20.027825942901448	30.021567524389823	V05_DN_R1_rmphix_fastqc
110-114	29.803632891301206	20.13407984485167	20.13554583204213	29.92674143180499	V05_DN_R1_rmphix_fastqc
115-119	29.94901956868612	20.13680101706083	20.04239793997547	29.871781474277583	V05_DN_R1_rmphix_fastqc
120-124	29.93119642862096	20.029716054602538	20.004950826570887	30.034136690205614	V05_DN_R1_rmphix_fastqc
125-129	29.838479976066484	20.109257071506526	20.104722950304364	29.94754000212263	V05_DN_R1_rmphix_fastqc
130-134	29.978461842360886	20.102417002864815	20.00710934557686	29.912011809197438	V05_DN_R1_rmphix_fastqc
135-139	29.967824100494152	20.002126045627048	19.96394504526747	30.066104808611332	V05_DN_R1_rmphix_fastqc
140-144	29.886180708232217	20.071828524053952	20.05820881228187	29.983781955431958	V05_DN_R1_rmphix_fastqc
145-149	30.01780954800489	20.13363810459224	19.958451193107802	29.890101154295067	V05_DN_R1_rmphix_fastqc
150-151	30.233215367529077	19.59694043125239	19.864534252839864	30.30530994837867	V05_DN_R1_rmphix_fastqc
1	32.7343707041093	21.900365302542717	14.819464579822068	30.54579941352591	V05_DN_R2_rmphix_fastqc
2	32.66719297464674	23.629231738727803	20.731322976500014	22.972252310125448	V05_DN_R2_rmphix_fastqc
3	25.97622638632984	21.877748460861916	21.854433366471245	30.291591786336998	V05_DN_R2_rmphix_fastqc
4	29.695407621021015	20.534033855364516	20.16505093898988	29.60550758462459	V05_DN_R2_rmphix_fastqc
5	29.483156980883297	21.113867269724256	20.515671991134518	28.887303758257932	V05_DN_R2_rmphix_fastqc
6	29.14209326270507	20.17121883792711	20.502456103906987	30.184231795460835	V05_DN_R2_rmphix_fastqc
7	30.792198975255964	20.320801297353537	19.92373189307074	28.963267834319762	V05_DN_R2_rmphix_fastqc
8	28.37939037301533	20.448985220608577	21.302239121877392	29.8693852844987	V05_DN_R2_rmphix_fastqc
9	28.94198203686716	19.700029181144497	21.07294311480642	30.28504566718192	V05_DN_R2_rmphix_fastqc
10-14	29.59320088061304	20.549537974910034	20.34409457134703	29.513166573129894	V05_DN_R2_rmphix_fastqc
15-19	29.551707940675286	20.328842841062265	20.348173530927212	29.771275687335237	V05_DN_R2_rmphix_fastqc
20-24	29.55690774132414	20.39248057475508	20.35147713906081	29.699134544859973	V05_DN_R2_rmphix_fastqc
25-29	29.763321425215246	20.382386459017948	20.20006176627096	29.654230349495847	V05_DN_R2_rmphix_fastqc
30-34	29.795692711783683	20.221883618147704	20.088428614279675	29.893995055788935	V05_DN_R2_rmphix_fastqc
35-39	29.712412983892765	20.292361319011007	20.171642153632472	29.823583543463762	V05_DN_R2_rmphix_fastqc
40-44	29.888824349002995	20.265470588868514	20.048652939600267	29.79705212252822	V05_DN_R2_rmphix_fastqc
45-49	29.881212667118785	20.122117852838002	20.01496151900222	29.98170796104099	V05_DN_R2_rmphix_fastqc
50-54	29.771449902869495	20.235323810377963	20.126527812682742	29.866698474069796	V05_DN_R2_rmphix_fastqc
55-59	29.942706178928013	20.22105147976576	20.00028278321802	29.83595955808821	V05_DN_R2_rmphix_fastqc
60-64	29.919697648934495	20.100933753023988	19.97167203668458	30.00769656135694	V05_DN_R2_rmphix_fastqc
65-69	29.824921622007444	20.186844439170113	20.074920309606053	29.913313629216386	V05_DN_R2_rmphix_fastqc
70-74	29.973524465930918	20.18534695552511	19.964579747982437	29.876548830561532	V05_DN_R2_rmphix_fastqc
75-79	29.966473651721458	20.055810670889542	19.922630616704478	30.055085060684522	V05_DN_R2_rmphix_fastqc
80-84	29.862634100783442	20.157222056637366	20.027199607818897	29.95294423476029	V05_DN_R2_rmphix_fastqc
85-89	30.03274877228357	20.148746014700077	19.903745754603083	29.914759458413272	V05_DN_R2_rmphix_fastqc
90-94	30.004096807765084	20.022263040761782	19.884668116639855	30.088972034833272	V05_DN_R2_rmphix_fastqc
95-99	29.925684273584295	20.113054498892737	19.952712362826656	30.008548864696312	V05_DN_R2_rmphix_fastqc
100-104	30.08649930403883	20.090566257170792	19.849240301315	29.973694137475377	V05_DN_R2_rmphix_fastqc
105-109	30.08148099080885	19.9629219491309	19.807174455241373	30.148422604818876	V05_DN_R2_rmphix_fastqc
110-114	30.013672708477763	20.03296738582231	19.882877373205055	30.070482532494875	V05_DN_R2_rmphix_fastqc
115-119	30.166705712241924	20.011124453964392	19.770775732664003	30.051394101129674	V05_DN_R2_rmphix_fastqc
120-124	30.18294506791703	19.88340810407693	19.69790047879048	30.23574634921556	V05_DN_R2_rmphix_fastqc
125-129	30.119059294268	19.944798673665005	19.77262204852814	30.163519983538855	V05_DN_R2_rmphix_fastqc
130-134	30.293199490914574	19.905648493218713	19.642908835443652	30.158243180423057	V05_DN_R2_rmphix_fastqc
135-139	30.30862549492024	19.77012512595307	19.581642006344115	30.339607372782577	V05_DN_R2_rmphix_fastqc
140-144	30.25397998543292	19.822871976237582	19.63414502888235	30.289003009447146	V05_DN_R2_rmphix_fastqc
145-149	30.430475354994513	19.856152730369985	19.494702806580694	30.218669108054808	V05_DN_R2_rmphix_fastqc
150-151	30.69307684641339	19.277669332435302	19.39359545880087	30.635658362350437	V05_DN_R2_rmphix_fastqc
1	32.36510313615796	21.78575500565457	15.099684513692365	30.749457344495102	V09_DN_R1_rmphix_fastqc
2	32.195407623603664	23.11299634919107	21.389079790929177	23.302516236276084	V09_DN_R1_rmphix_fastqc
3	25.79830121013692	21.63986857753755	22.198276968932827	30.363553243392705	V09_DN_R1_rmphix_fastqc
4	29.39141862083629	20.485995763598105	20.460993037171036	29.661592578394565	V09_DN_R1_rmphix_fastqc
5	29.47818966376168	21.023368428651075	20.663582772749585	28.83485913483766	V09_DN_R1_rmphix_fastqc
6	29.0863846500332	20.178985376681357	20.667964182664626	30.066665790620817	V09_DN_R1_rmphix_fastqc
7	30.659303725604587	20.3927039642834	20.08233579515205	28.865656514959966	V09_DN_R1_rmphix_fastqc
8	28.29557380902954	20.44263149392158	21.464973461300726	29.796821235748155	V09_DN_R1_rmphix_fastqc
9	28.775973977329517	19.715108472127273	21.276895153710804	30.23202239683241	V09_DN_R1_rmphix_fastqc
10-14	29.53771450003349	20.508549575865707	20.464018583128542	29.489717340972266	V09_DN_R1_rmphix_fastqc
15-19	29.51137786982792	20.326176664469113	20.442911309106133	29.719534156596833	V09_DN_R1_rmphix_fastqc
20-24	29.493362730693008	20.406690473153663	20.471487877573843	29.628458918579483	V09_DN_R1_rmphix_fastqc
25-29	29.6840790933393	20.3960999997131	20.327296633600188	29.592524273347415	V09_DN_R1_rmphix_fastqc
30-34	29.707729497773183	20.237303111498804	20.21620575497661	29.8387616357514	V09_DN_R1_rmphix_fastqc
35-39	29.636337664104968	20.30387008131394	20.309341707859417	29.75045054672168	V09_DN_R1_rmphix_fastqc
40-44	29.82196989110691	20.264920516017455	20.190669608716718	29.722439984158918	V09_DN_R1_rmphix_fastqc
45-49	29.783787515291106	20.130230237246792	20.168859608965008	29.917122638497094	V09_DN_R1_rmphix_fastqc
50-54	29.688781472378572	20.235568649794384	20.27932505057814	29.796324827248906	V09_DN_R1_rmphix_fastqc
55-59	29.83799075394242	20.239910895464348	20.176874136602425	29.745224213990806	V09_DN_R1_rmphix_fastqc
60-64	29.801520798486504	20.137395232492246	20.150939219277596	29.910144749743655	V09_DN_R1_rmphix_fastqc
65-69	29.706681120028115	20.241989151375723	20.25353272874839	29.79779699984777	V09_DN_R1_rmphix_fastqc
70-74	29.84402922881298	20.246166467046123	20.164758351553836	29.745045952587063	V09_DN_R1_rmphix_fastqc
75-79	29.804284519777568	20.13042187256177	20.13829353050557	29.927000077155093	V09_DN_R1_rmphix_fastqc
80-84	29.70835210026408	20.243173928389606	20.25026880780329	29.798205163543024	V09_DN_R1_rmphix_fastqc
85-89	29.852557112087542	20.22934510811748	20.148780054969667	29.769317724825306	V09_DN_R1_rmphix_fastqc
90-94	29.805642144580556	20.14454344397883	20.134634005851392	29.91518040558922	V09_DN_R1_rmphix_fastqc
95-99	29.71014111837699	20.23240843851964	20.230714217552904	29.826736225550466	V09_DN_R1_rmphix_fastqc
100-104	29.86158991355544	20.232552714804694	20.144637580611565	29.7612197910283	V09_DN_R1_rmphix_fastqc
105-109	29.835729053060255	20.1208733518595	20.11131546267631	29.932082132403938	V09_DN_R1_rmphix_fastqc
110-114	29.744458117535704	20.204607313444043	20.218898488293526	29.83203608072672	V09_DN_R1_rmphix_fastqc
115-119	29.890622255473886	20.20966556875788	20.101560023796157	29.79815215197208	V09_DN_R1_rmphix_fastqc
120-124	29.868754967796363	20.093409912251094	20.084001013320663	29.953834106631877	V09_DN_R1_rmphix_fastqc
125-129	29.771238080743363	20.17973332081685	20.170878623744144	29.878149974695646	V09_DN_R1_rmphix_fastqc
130-134	29.908395674357184	20.17081839900417	20.082868081601934	29.837917845036703	V09_DN_R1_rmphix_fastqc
135-139	29.90298052810017	20.075131552435987	20.02544773033438	29.99644018912946	V09_DN_R1_rmphix_fastqc
140-144	29.815518613136227	20.156105733832913	20.123027259993343	29.905348393037517	V09_DN_R1_rmphix_fastqc
145-149	29.958376392506025	20.20956041977979	20.021073242585903	29.81098994512828	V09_DN_R1_rmphix_fastqc
150-151	30.181471958657685	19.67482595044972	19.908479908775956	30.23522218211664	V09_DN_R1_rmphix_fastqc
1	32.60451159127318	21.820593767113223	15.148846979028491	30.42604766258511	V09_DN_R2_rmphix_fastqc
2	32.62585546851493	23.461773579857358	20.69199641085667	23.22037454077104	V09_DN_R2_rmphix_fastqc
3	26.292798396595234	21.899012858074443	21.721167285524583	30.087021459805737	V09_DN_R2_rmphix_fastqc
4	29.75702372418355	20.42306214082489	20.14825883584628	29.67165529914528	V09_DN_R2_rmphix_fastqc
5	29.562321943237823	21.04752462559577	20.505933480988382	28.884219950178018	V09_DN_R2_rmphix_fastqc
6	29.230230906678056	20.184039759825065	20.487926134175062	30.097803199321817	V09_DN_R2_rmphix_fastqc
7	30.818663786152346	20.311819666126645	19.961700030967393	28.907816516753616	V09_DN_R2_rmphix_fastqc
8	28.44419817559791	20.458187801396814	21.317092907248245	29.780521115757026	V09_DN_R2_rmphix_fastqc
9	28.984871951435704	19.773727982308312	21.081803756685325	30.159596309570663	V09_DN_R2_rmphix_fastqc
10-14	29.645939929488698	20.548815335118885	20.397400609026604	29.407844126365813	V09_DN_R2_rmphix_fastqc
15-19	29.60204578194371	20.331065283680708	20.393937276274034	29.67295165810155	V09_DN_R2_rmphix_fastqc
20-24	29.597565905419422	20.40748599834923	20.40171472161878	29.593233374612566	V09_DN_R2_rmphix_fastqc
25-29	29.80367918714468	20.398602043337988	20.233052754265135	29.564666015252193	V09_DN_R2_rmphix_fastqc
30-34	29.82619262101856	20.237405120072417	20.141954139283	29.794448119626022	V09_DN_R2_rmphix_fastqc
35-39	29.755837874515358	20.318108778046735	20.20824696105656	29.717806386381344	V09_DN_R2_rmphix_fastqc
40-44	29.932270911677893	20.27738610539094	20.09921608890557	29.691126894025594	V09_DN_R2_rmphix_fastqc
45-49	29.90972489173189	20.162973572589248	20.061970208466917	29.865331327211948	V09_DN_R2_rmphix_fastqc
50-54	29.801738931054476	20.26144798314758	20.171239643071857	29.765573442726083	V09_DN_R2_rmphix_fastqc
55-59	29.960106324381936	20.254094021422723	20.057754242963973	29.728045411231367	V09_DN_R2_rmphix_fastqc
60-64	29.942614736310368	20.139596005287945	20.02008962725562	29.897699631146065	V09_DN_R2_rmphix_fastqc
65-69	29.851964578211014	20.231061747943706	20.098361769275378	29.818611904569902	V09_DN_R2_rmphix_fastqc
70-74	30.0122400793486	20.216016105968244	20.00602974262241	29.76571407206075	V09_DN_R2_rmphix_fastqc
75-79	29.980014044009106	20.095954456590544	19.97111964318806	29.952911856212296	V09_DN_R2_rmphix_fastqc
80-84	29.89949338676708	20.1917775522975	20.06531928500533	29.8434097759301	V09_DN_R2_rmphix_fastqc
85-89	30.06718661469951	20.170923899828892	19.931511316201863	29.83037816926974	V09_DN_R2_rmphix_fastqc
90-94	30.04443098177872	20.052352979377584	19.90406861515926	29.999147423684434	V09_DN_R2_rmphix_fastqc
95-99	29.957283680537046	20.142060429325507	19.979474294614107	29.921181595523333	V09_DN_R2_rmphix_fastqc
100-104	30.1218084485751	20.108523014770526	19.87837581380255	29.891292722851826	V09_DN_R2_rmphix_fastqc
105-109	30.11994378819449	19.982375699428413	19.819093190890165	30.07858732148693	V09_DN_R2_rmphix_fastqc
110-114	30.06897241911051	20.05107769142261	19.888035412200214	29.99191447726667	V09_DN_R2_rmphix_fastqc
115-119	30.227250621296776	20.02526998695419	19.759851789491677	29.987627602257355	V09_DN_R2_rmphix_fastqc
120-124	30.23371581124941	19.894530489973793	19.707247651337237	30.164506047439566	V09_DN_R2_rmphix_fastqc
125-129	30.17296380962926	19.94765985277342	19.76819450719812	30.111181830399204	V09_DN_R2_rmphix_fastqc
130-134	30.351294207176004	19.899198163152377	19.638489959343325	30.111017670328298	V09_DN_R2_rmphix_fastqc
135-139	30.374415130498168	19.774679023360196	19.56775995272684	30.283145893414805	V09_DN_R2_rmphix_fastqc
140-144	30.325684183215458	19.825862795652203	19.61995898330705	30.228494037825293	V09_DN_R2_rmphix_fastqc
145-149	30.494032975502495	19.8527426058711	19.477104160408683	30.176120258217725	V09_DN_R2_rmphix_fastqc
150-151	30.779044588540312	19.247685670194567	19.37214978965607	30.60111995160905	V09_DN_R2_rmphix_fastqc
1	32.61487229698216	21.705719112148795	15.000549232078528	30.67885935879052	V10_DN_R1_rmphix_fastqc
2	32.25883588186709	23.04207982877291	21.380916947387256	23.31816734197274	V10_DN_R1_rmphix_fastqc
3	25.888140891608252	21.530876097143377	22.11127860305994	30.46970440818843	V10_DN_R1_rmphix_fastqc
4	29.555759536906233	20.448349952951837	20.351229127496797	29.644661382645133	V10_DN_R1_rmphix_fastqc
5	29.665127280367976	20.920622171800503	20.550651075803458	28.863599472028064	V10_DN_R1_rmphix_fastqc
6	29.19091200678055	20.069383364487216	20.59278841616006	30.146916212572172	V10_DN_R1_rmphix_fastqc
7	30.754904422626606	20.309513727859017	19.9909662137529	28.944615635761483	V10_DN_R1_rmphix_fastqc
8	28.426766727839798	20.35005903978915	21.339825594526882	29.883348637844172	V10_DN_R1_rmphix_fastqc
9	28.875601735332257	19.600185285161366	21.187880841388086	30.336332138118287	V10_DN_R1_rmphix_fastqc
10-14	29.644111795994572	20.411783648371767	20.358575860012692	29.585528695620972	V10_DN_R1_rmphix_fastqc
15-19	29.62106745045051	20.221131684719936	20.330575306596664	29.82722555823289	V10_DN_R1_rmphix_fastqc
20-24	29.60128871332688	20.296583194973415	20.352901998346702	29.749226093353005	V10_DN_R1_rmphix_fastqc
25-29	29.784005354888667	20.293503382298077	20.216644221075093	29.705847041738163	V10_DN_R1_rmphix_fastqc
30-34	29.830162123807053	20.11923973799396	20.100353104104403	29.95024503409458	V10_DN_R1_rmphix_fastqc
35-39	29.741368777110132	20.194351568240187	20.185091565036277	29.8791880896134	V10_DN_R1_rmphix_fastqc
40-44	29.921693475739865	20.1583752715224	20.07079668860924	29.849134564128498	V10_DN_R1_rmphix_fastqc
45-49	29.90147436015172	20.023713777541648	20.040043237931947	30.034768624374685	V10_DN_R1_rmphix_fastqc
50-54	29.80099033382637	20.12916995968201	20.15629550905151	29.913544197440107	V10_DN_R1_rmphix_fastqc
55-59	29.95528833168941	20.130941064079746	20.048534544301848	29.865236059928996	V10_DN_R1_rmphix_fastqc
60-64	29.912078541485528	20.021472622499818	20.023910273830747	30.042538562183914	V10_DN_R1_rmphix_fastqc
65-69	29.81501743602858	20.117964991612123	20.13037033431476	29.936647238044532	V10_DN_R1_rmphix_fastqc
70-74	29.95356648406989	20.13754271185847	20.036504802773493	29.87238600129815	V10_DN_R1_rmphix_fastqc
75-79	29.923838080617127	20.01980940565554	20.005464810024947	30.05088770370239	V10_DN_R1_rmphix_fastqc
80-84	29.820356265387925	20.131307370483675	20.121215356797418	29.927121007330975	V10_DN_R1_rmphix_fastqc
85-89	29.9685811733671	20.123967589286863	20.019264342495006	29.88818689485104	V10_DN_R1_rmphix_fastqc
90-94	29.939028678215884	20.01535695395223	19.9962250538203	30.04938931401158	V10_DN_R1_rmphix_fastqc
95-99	29.830125068353503	20.11337202017229	20.095958524571433	29.960544386902775	V10_DN_R1_rmphix_fastqc
100-104	29.975013088188252	20.116497029795834	20.012866541366723	29.89562334064919	V10_DN_R1_rmphix_fastqc
105-109	29.952352464089554	20.003721608768558	19.97724628006318	30.066679647078708	V10_DN_R1_rmphix_fastqc
110-114	29.858844894932375	20.097123758201015	20.07924295771226	29.964788389154347	V10_DN_R1_rmphix_fastqc
115-119	29.990207822857663	20.09402796038714	19.986096130427207	29.929668086327982	V10_DN_R1_rmphix_fastqc
120-124	29.972373809342507	19.99317615292661	19.948798161620996	30.085651876109885	V10_DN_R1_rmphix_fastqc
125-129	29.890215207648215	20.069009998491243	20.041734983325412	29.999039810535134	V10_DN_R1_rmphix_fastqc
130-134	30.02435168276194	20.067109151199404	19.94890685063163	29.95963231540703	V10_DN_R1_rmphix_fastqc
135-139	30.01667077796988	19.952315940786757	19.91095402020857	30.120059261034793	V10_DN_R1_rmphix_fastqc
140-144	29.92045488137637	20.03553037790679	20.001506974496465	30.04250776622038	V10_DN_R1_rmphix_fastqc
145-149	30.063381507210895	20.09084007887009	19.88897278634012	29.95680562757889	V10_DN_R1_rmphix_fastqc
150-151	30.31771336803225	19.536609258468246	19.768859374080076	30.376817999419426	V10_DN_R1_rmphix_fastqc
1	32.78071272807935	21.73925808071435	15.08661804727679	30.393411143929512	V10_DN_R2_rmphix_fastqc
2	32.548670152771614	23.407434396905238	20.80141860015387	23.24247685016928	V10_DN_R2_rmphix_fastqc
3	26.275120808010094	21.778253912861935	21.670669666724272	30.275955612403692	V10_DN_R2_rmphix_fastqc
4	29.83538213327129	20.44120178077421	20.064114424082476	29.65930166187202	V10_DN_R2_rmphix_fastqc
5	29.62434085945566	20.999727192278105	20.44348877038461	28.932443177881627	V10_DN_R2_rmphix_fastqc
6	29.2859231286415	20.086548196586364	20.423714288125375	30.20381438664676	V10_DN_R2_rmphix_fastqc
7	30.870952303182914	20.248761355789846	19.859175334948244	29.021111006078996	V10_DN_R2_rmphix_fastqc
8	28.50327273531829	20.374347224023644	21.261943847561824	29.86043619309624	V10_DN_R2_rmphix_fastqc
9	29.018650276172608	19.639571146544835	21.033617187155954	30.308161390126603	V10_DN_R2_rmphix_fastqc
10-14	29.688170916767977	20.466596938894547	20.309011653860825	29.536220490476655	V10_DN_R2_rmphix_fastqc
15-19	29.649213378399914	20.24829686642711	20.308727287090665	29.793762468082313	V10_DN_R2_rmphix_fastqc
20-24	29.63447736472421	20.319187162052962	20.317269636500555	29.729065836722274	V10_DN_R2_rmphix_fastqc
25-29	29.834275868529513	20.3113114080644	20.15619394437772	29.69821877902837	V10_DN_R2_rmphix_fastqc
30-34	29.868126151339712	20.159404948705127	20.045235590777637	29.92723330917752	V10_DN_R2_rmphix_fastqc
35-39	29.786112221906496	20.233472209743255	20.127834564064678	29.85258100428557	V10_DN_R2_rmphix_fastqc
40-44	29.96081411724293	20.19587977370078	20.01727049456487	29.826035614491413	V10_DN_R2_rmphix_fastqc
45-49	29.949599003851148	20.063562000855654	19.978255515527525	30.008583479765672	V10_DN_R2_rmphix_fastqc
50-54	29.845288039164814	20.170713850147184	20.08064146979368	29.903356640894323	V10_DN_R2_rmphix_fastqc
55-59	30.001797119253325	20.175967837265386	19.95818480272359	29.864050240757695	V10_DN_R2_rmphix_fastqc
60-64	29.992860573757035	20.0469103252861	19.92644587471252	30.03378322624435	V10_DN_R2_rmphix_fastqc
65-69	29.893942373757866	20.136707759880622	20.01262083603899	29.95672903032252	V10_DN_R2_rmphix_fastqc
70-74	30.033941986968095	20.14352093458771	19.920143282302078	29.902393796142118	V10_DN_R2_rmphix_fastqc
75-79	30.028870464374357	20.01505068423632	19.87405601289545	30.08202283849387	V10_DN_R2_rmphix_fastqc
80-84	29.92794207728513	20.113321461964937	19.97797869548035	29.980757765269576	V10_DN_R2_rmphix_fastqc
85-89	30.080637113701812	20.109253896481114	19.874592844959675	29.9355161448574	V10_DN_R2_rmphix_fastqc
90-94	30.074827243401298	19.98204253682632	19.83774057139593	30.105389648376445	V10_DN_R2_rmphix_fastqc
95-99	29.976194443660965	20.067690683880908	19.919046657200106	30.037068215258024	V10_DN_R2_rmphix_fastqc
100-104	30.15124199662277	20.047960380216505	19.81091577406043	29.989881849100296	V10_DN_R2_rmphix_fastqc
105-109	30.13284675434488	19.921153216507744	19.76795531247607	30.17804471667131	V10_DN_R2_rmphix_fastqc
110-114	30.058129859305133	19.997415542190218	19.83898510569056	30.105469492814084	V10_DN_R2_rmphix_fastqc
115-119	30.21231257035807	19.979226233741905	19.733122958699855	30.07533823720017	V10_DN_R2_rmphix_fastqc
120-124	30.235659428575705	19.8434719811387	19.662592347016158	30.25827624326943	V10_DN_R2_rmphix_fastqc
125-129	30.157386052085528	19.915016322681986	19.737286813426287	30.190310811806203	V10_DN_R2_rmphix_fastqc
130-134	30.330812764577818	19.868293413807635	19.623494581180292	30.177399240434248	V10_DN_R2_rmphix_fastqc
135-139	30.343595052528755	19.737939907836378	19.558518522943974	30.359946516690894	V10_DN_R2_rmphix_fastqc
140-144	30.289118402754962	19.797072086410633	19.609545239266467	30.304264271567938	V10_DN_R2_rmphix_fastqc
145-149	30.453296602262746	19.83539869114014	19.472853786707116	30.23845091989	V10_DN_R2_rmphix_fastqc
150-151	30.723023980020407	19.2118040367811	19.37707346722561	30.68809851597288	V10_DN_R2_rmphix_fastqc
1	33.40988847207905	21.23094638848344	14.929508967828358	30.429656171609153	V11_DN_R1_rmphix_fastqc
2	32.78766104701622	22.784170326060558	20.54552750587337	23.88264112104985	V11_DN_R1_rmphix_fastqc
3	26.318652658315834	21.11915555715376	21.625921817891015	30.93626996663939	V11_DN_R1_rmphix_fastqc
4	29.879708647702437	20.120999760033854	20.014842722512448	29.98444886975126	V11_DN_R1_rmphix_fastqc
