Base	G	A	T	C	Library
1	34.694325114195216	21.677926585118616	15.557889027744414	28.06985927294175	V01_DN_S218_L003_R1_001_fastqc
2	30.349154129504246	25.412327218494795	20.419805080225835	23.81871357177512	V01_DN_S218_L003_R1_001_fastqc
3	25.865019568731967	21.17025700239304	24.23168405160329	28.73303937727171	V01_DN_S218_L003_R1_001_fastqc
4	29.044225945146884	20.07480327932541	20.127644067988317	30.75332670753939	V01_DN_S218_L003_R1_001_fastqc
5	30.651119740097872	21.417980989186724	20.104592661427816	27.82630660928759	V01_DN_S218_L003_R1_001_fastqc
6	30.488356048287525	19.972963548358507	20.631592946775335	28.90708745657863	V01_DN_S218_L003_R1_001_fastqc
7	29.447859396700466	23.11401444535252	19.59386781129469	27.844258346652325	V01_DN_S218_L003_R1_001_fastqc
8	27.65890706410267	22.435387416151784	20.648112764472266	29.257592755273283	V01_DN_S218_L003_R1_001_fastqc
9	30.643064790765518	19.41332262167113	20.622108954370262	29.321503633193092	V01_DN_S218_L003_R1_001_fastqc
10-14	29.007735598396795	21.273250817432125	20.023550147780263	29.695463436390817	V01_DN_S218_L003_R1_001_fastqc
15-19	28.923310326117324	20.653852215464635	20.444859220976678	29.97797823744136	V01_DN_S218_L003_R1_001_fastqc
20-24	28.90014822382769	21.276145821566733	20.553965506708792	29.269740447896787	V01_DN_S218_L003_R1_001_fastqc
25-29	29.04030278386805	20.915574135833793	20.337751934651475	29.706371145646678	V01_DN_S218_L003_R1_001_fastqc
30-34	28.68950474235885	21.088883293707354	20.254397367727673	29.96721459620612	V01_DN_S218_L003_R1_001_fastqc
35-39	29.02939377031165	21.191935109607105	20.33733912346718	29.441331996614068	V01_DN_S218_L003_R1_001_fastqc
40-44	29.100176944820294	21.144491792582034	20.384703611095752	29.37062765150192	V01_DN_S218_L003_R1_001_fastqc
45-49	29.141635422296503	20.49685093869548	20.71788199000467	29.64363164900335	V01_DN_S218_L003_R1_001_fastqc
50-54	29.48117523032543	20.372584862180137	20.259153149578104	29.887086757916332	V01_DN_S218_L003_R1_001_fastqc
55-59	28.870777249319264	20.351627783394626	20.975099624561345	29.802495342724768	V01_DN_S218_L003_R1_001_fastqc
60-64	29.173732970868578	20.29594328542005	21.080408146026798	29.449915597684573	V01_DN_S218_L003_R1_001_fastqc
65-69	29.228332051094053	21.792544705572745	19.909505332611722	29.069617910721483	V01_DN_S218_L003_R1_001_fastqc
70-74	30.605908568095607	20.635686353379555	19.872271839572598	28.88613323895224	V01_DN_S218_L003_R1_001_fastqc
75-79	30.714390000808056	20.33356944101676	19.76058567816665	29.191454880008532	V01_DN_S218_L003_R1_001_fastqc
80-84	30.636675078351438	20.313125991953527	19.976056309047515	29.07414262064752	V01_DN_S218_L003_R1_001_fastqc
85-89	30.715279218469178	20.283910585445277	19.880894759149626	29.119915436935916	V01_DN_S218_L003_R1_001_fastqc
90-94	30.771776108584405	20.24495997988085	19.828409521539648	29.1548543899951	V01_DN_S218_L003_R1_001_fastqc
95-99	30.676518698211407	20.398005449382822	19.93052742448098	28.99494842792479	V01_DN_S218_L003_R1_001_fastqc
100-104	30.8349754776018	20.419710588943186	19.8272898048371	28.918024128617915	V01_DN_S218_L003_R1_001_fastqc
105-109	30.86633332097603	20.149474065539412	19.88500724180713	29.09918537167743	V01_DN_S218_L003_R1_001_fastqc
110-114	30.78493884715632	20.262678472575512	20.005001320393816	28.947381359874356	V01_DN_S218_L003_R1_001_fastqc
115-119	30.935053090561837	20.21206674458401	19.956596987263314	28.896283177590842	V01_DN_S218_L003_R1_001_fastqc
120-124	30.92731324096094	20.156795111635248	19.9180173857266	28.997874261677207	V01_DN_S218_L003_R1_001_fastqc
125-129	30.851956290947737	20.386541836339227	19.972363178126347	28.78913869458669	V01_DN_S218_L003_R1_001_fastqc
130-134	31.183232896813244	20.45551512396324	19.709559252212134	28.65169272701138	V01_DN_S218_L003_R1_001_fastqc
135-139	31.270837282174547	20.335992608998467	19.630944066216134	28.762226042610855	V01_DN_S218_L003_R1_001_fastqc
140-144	31.266866697745897	20.36045764699719	19.718111697368414	28.654563957888502	V01_DN_S218_L003_R1_001_fastqc
145-149	31.381326580693162	20.408592781163858	19.628958634834383	28.5811220033086	V01_DN_S218_L003_R1_001_fastqc
150-151	31.45739993822061	20.227655705639023	19.561867832173935	28.75307652396643	V01_DN_S218_L003_R1_001_fastqc
1	34.382478122362336	24.158018587847753	14.650536808251017	26.808966481538892	V01_DN_S218_L003_R2_001_fastqc
2	32.29073711993205	26.090282639575683	18.81129476499358	22.80768547549869	V01_DN_S218_L003_R2_001_fastqc
3	27.832057959064365	22.23034325028865	22.44836949874614	27.489229291900845	V01_DN_S218_L003_R2_001_fastqc
4	32.09222876555048	19.836011309683528	19.45708799126023	28.614671933505768	V01_DN_S218_L003_R2_001_fastqc
5	30.19499456385124	24.05086194763474	18.971366338653937	26.782777149860088	V01_DN_S218_L003_R2_001_fastqc
6	30.080821743032732	20.884481473095924	21.284533982522916	27.75016280134843	V01_DN_S218_L003_R2_001_fastqc
7	31.22943218700171	23.526898384862776	18.420635345981776	26.82303408215374	V01_DN_S218_L003_R2_001_fastqc
8	29.25672005657054	21.135730091745216	19.49278259735538	30.11476725432886	V01_DN_S218_L003_R2_001_fastqc
9	31.337186241384085	19.40423367556685	20.247913110568728	29.010666972480337	V01_DN_S218_L003_R2_001_fastqc
10-14	30.369263798993508	21.977700122023137	19.625404019103225	28.02763205988013	V01_DN_S218_L003_R2_001_fastqc
15-19	30.566024822249734	21.585989257937438	19.369178920273143	28.478806999539685	V01_DN_S218_L003_R2_001_fastqc
20-24	30.22790929650605	21.019072107934875	20.5883195326989	28.164699062860173	V01_DN_S218_L003_R2_001_fastqc
25-29	29.711440331152406	22.163509918155412	20.043121281850215	28.081928468841966	V01_DN_S218_L003_R2_001_fastqc
30-34	28.954194631416964	21.483878133591812	21.289460204395606	28.27246703059562	V01_DN_S218_L003_R2_001_fastqc
35-39	29.65448205668388	21.271646865677763	20.89131959069953	28.182551486938827	V01_DN_S218_L003_R2_001_fastqc
40-44	29.50873266683345	22.234056456599625	20.02826448842672	28.2289463881402	V01_DN_S218_L003_R2_001_fastqc
45-49	28.82044173727371	20.977743902633893	21.667280192023686	28.53453416806871	V01_DN_S218_L003_R2_001_fastqc
50-54	28.480349604774613	21.52827693630692	21.335346274865838	28.656027184052626	V01_DN_S218_L003_R2_001_fastqc
55-59	29.04641963289129	21.624426546296707	20.679163409105435	28.649990411706565	V01_DN_S218_L003_R2_001_fastqc
60-64	30.123741206846834	21.668472732285416	19.854666890850396	28.353119170017354	V01_DN_S218_L003_R2_001_fastqc
65-69	29.514824098704313	22.44276875497633	19.634757554647273	28.407649591672087	V01_DN_S218_L003_R2_001_fastqc
70-74	29.210398891787225	22.88743744089041	19.505895580027445	28.396268087294917	V01_DN_S218_L003_R2_001_fastqc
75-79	29.452467706166686	22.524406614642494	19.490448302821992	28.53267737636883	V01_DN_S218_L003_R2_001_fastqc
80-84	30.80771919533305	21.096315632969816	19.726146045854005	28.369819125843133	V01_DN_S218_L003_R2_001_fastqc
85-89	31.14894396874524	20.89973040743164	19.602705248769535	28.348620375053585	V01_DN_S218_L003_R2_001_fastqc
90-94	31.25860571524107	20.65408291654194	19.643125354582576	28.444186013634408	V01_DN_S218_L003_R2_001_fastqc
95-99	31.390918887713358	20.588381803747012	19.684450366088225	28.33624894245141	V01_DN_S218_L003_R2_001_fastqc
100-104	31.567446471969156	20.547645082332906	19.632650339654496	28.252258106043442	V01_DN_S218_L003_R2_001_fastqc
105-109	31.607381405609136	20.449603645587793	19.58601877251525	28.356996176287826	V01_DN_S218_L003_R2_001_fastqc
110-114	31.553092545171324	20.48342963001099	19.70024926940947	28.263228555408222	V01_DN_S218_L003_R2_001_fastqc
115-119	31.71254712313728	20.53418035840592	19.603163642874915	28.150108875581886	V01_DN_S218_L003_R2_001_fastqc
120-124	31.76240218666696	20.482800035157787	19.535469722198147	28.2193280559771	V01_DN_S218_L003_R2_001_fastqc
125-129	31.724731574068837	20.561674653265243	19.653845491894977	28.05974828077094	V01_DN_S218_L003_R2_001_fastqc
130-134	31.938919323918245	20.584578751944573	19.53162303014881	27.944878893988367	V01_DN_S218_L003_R2_001_fastqc
135-139	32.03983831150371	20.50529904683858	19.484504762291344	27.970357879366365	V01_DN_S218_L003_R2_001_fastqc
140-144	32.08877979615077	20.529315624987863	19.562494262773175	27.819410316088195	V01_DN_S218_L003_R2_001_fastqc
145-149	32.293957782706464	20.529174100444372	19.490304972274476	27.686563144574688	V01_DN_S218_L003_R2_001_fastqc
150-151	32.46320681927776	20.420521063051915	19.41173932662496	27.704532791045366	V01_DN_S218_L003_R2_001_fastqc
1	33.45552711725152	21.77144928966098	15.69219166720428	29.08083192588322	V03_DN_S219_L003_R1_001_fastqc
2	31.50240691231854	23.802860491762257	20.69475113126586	23.999981464653338	V03_DN_S219_L003_R1_001_fastqc
3	26.22642694311006	21.60312943742924	22.396621807413513	29.773821812047185	V03_DN_S219_L003_R1_001_fastqc
4	29.346862683277706	20.5171262470324	20.386195086818883	29.74981598287101	V03_DN_S219_L003_R1_001_fastqc
5	29.504162596300166	21.38331042221534	20.65406496237866	28.458462019105834	V03_DN_S219_L003_R1_001_fastqc
6	29.294382828090065	20.371145133391906	20.707988881619983	29.626483156898047	V03_DN_S219_L003_R1_001_fastqc
7	30.1147964534088	21.3335786759692	20.066491268631165	28.485133601990835	V03_DN_S219_L003_R1_001_fastqc
8	28.137134816149818	21.116459482479527	21.283393703202176	29.463011998168483	V03_DN_S219_L003_R1_001_fastqc
9	29.122433841749412	19.849761530206276	21.164238395898757	29.863566232145555	V03_DN_S219_L003_R1_001_fastqc
10-14	29.17294013493746	20.916447413843414	20.5481470566566	29.36246539456253	V03_DN_S219_L003_R1_001_fastqc
15-19	29.132632523241664	20.633483924535863	20.626533411263626	29.60735014095885	V03_DN_S219_L003_R1_001_fastqc
20-24	29.11843357288423	20.81545960865222	20.68583595719754	29.380270861266013	V03_DN_S219_L003_R1_001_fastqc
25-29	29.276053435460586	20.786551421669593	20.495809104705305	29.441586038164512	V03_DN_S219_L003_R1_001_fastqc
30-34	29.414893842740934	20.510532221047313	20.407597361812265	29.666976574399488	V03_DN_S219_L003_R1_001_fastqc
35-39	29.373194359695496	20.631741809105865	20.46572167324416	29.529342157954474	V03_DN_S219_L003_R1_001_fastqc
40-44	29.310448519631727	20.641848093588777	20.509478511746032	29.538224875033464	V03_DN_S219_L003_R1_001_fastqc
45-49	29.404481581873416	20.48271162413103	20.459321072596897	29.653485721398653	V03_DN_S219_L003_R1_001_fastqc
50-54	29.39571367454018	20.5527145471095	20.43457454355952	29.616997234790798	V03_DN_S219_L003_R1_001_fastqc
55-59	29.392843833713467	20.490325576494968	20.51984783537579	29.59698275441578	V03_DN_S219_L003_R1_001_fastqc
60-64	29.4241610557881	20.420370626129735	20.575359717191187	29.58010860089098	V03_DN_S219_L003_R1_001_fastqc
65-69	29.361584285331737	20.904665536023757	20.316792193393592	29.416957985250914	V03_DN_S219_L003_R1_001_fastqc
70-74	29.827134276179045	20.528338805970805	20.31596366212293	29.328563255727225	V03_DN_S219_L003_R1_001_fastqc
75-79	29.882064455035902	20.39115247213415	20.223878942623898	29.50290413020606	V03_DN_S219_L003_R1_001_fastqc
80-84	29.79484301321006	20.453567659658198	20.347801524999966	29.403787802131774	V03_DN_S219_L003_R1_001_fastqc
85-89	29.913877208869827	20.445991649308006	20.26991908114878	29.370212060673385	V03_DN_S219_L003_R1_001_fastqc
90-94	29.919690105819473	20.359464684600912	20.238423549881794	29.482421659697817	V03_DN_S219_L003_R1_001_fastqc
95-99	29.81561283917753	20.446725526745464	20.341290221141236	29.396371412935768	V03_DN_S219_L003_R1_001_fastqc
100-104	29.94092739288665	20.460549133289835	20.27864412469162	29.319879349131895	V03_DN_S219_L003_R1_001_fastqc
105-109	29.925894308000277	20.36623589573398	20.250089608285037	29.45778018798071	V03_DN_S219_L003_R1_001_fastqc
110-114	29.8420725312782	20.457025095724703	20.31963514864766	29.38126722434944	V03_DN_S219_L003_R1_001_fastqc
115-119	29.957742444387346	20.48592591580902	20.259842566734633	29.296489073068997	V03_DN_S219_L003_R1_001_fastqc
120-124	29.949011171233415	20.397682573841173	20.22625080960731	29.4270554453181	V03_DN_S219_L003_R1_001_fastqc
125-129	29.85425020506251	20.491198390102312	20.315600546891886	29.338950857943292	V03_DN_S219_L003_R1_001_fastqc
130-134	29.995322493227444	20.5199873481234	20.23293734962696	29.251752809022197	V03_DN_S219_L003_R1_001_fastqc
135-139	30.015249430103587	20.43422414433103	20.18281804863682	29.36770837692857	V03_DN_S219_L003_R1_001_fastqc
140-144	29.935744774504062	20.53607854989256	20.2548854184816	29.273291257121777	V03_DN_S219_L003_R1_001_fastqc
145-149	30.048548479435244	20.566213085442172	20.190294177026182	29.1949442580964	V03_DN_S219_L003_R1_001_fastqc
150-151	30.101846889444545	20.386273107458102	20.104462569256068	29.40741743384129	V03_DN_S219_L003_R1_001_fastqc
1	32.41209630633198	24.86908245948261	14.854968402831007	27.863852831354404	V03_DN_S219_L003_R2_001_fastqc
2	31.3452092062813	26.632528044298176	19.209639955383768	22.812622794036763	V03_DN_S219_L003_R2_001_fastqc
3	26.33909065622067	23.00475208700262	22.428609249040015	28.227548007736697	V03_DN_S219_L003_R2_001_fastqc
4	30.477969621386116	20.445869231608732	19.992744641246897	29.08341650575825	V03_DN_S219_L003_R2_001_fastqc
5	28.730659125020058	24.450729149950224	19.592969118498512	27.225642606531203	V03_DN_S219_L003_R2_001_fastqc
6	28.50721731648691	21.552544912516193	21.65135196038646	28.288885810610438	V03_DN_S219_L003_R2_001_fastqc
7	29.931050074849608	23.646268421563516	19.049431957586688	27.373249546000196	V03_DN_S219_L003_R2_001_fastqc
8	27.901646600620545	21.479459103859547	20.2312813268405	30.387612968679413	V03_DN_S219_L003_R2_001_fastqc
9	29.58401857959866	19.92107377515647	20.93733763062561	29.557570014619266	V03_DN_S219_L003_R2_001_fastqc
10-14	29.02880460559959	22.39574401126309	20.154846546024682	28.42060483711264	V03_DN_S219_L003_R2_001_fastqc
15-19	29.18246021352939	21.997526199983973	19.91691190777461	28.90310167871203	V03_DN_S219_L003_R2_001_fastqc
20-24	29.153347146310775	21.60236716968112	20.356326136928665	28.88795954707944	V03_DN_S219_L003_R2_001_fastqc
25-29	28.88882986963476	21.980616418551673	20.009368453008772	29.121185258804793	V03_DN_S219_L003_R2_001_fastqc
30-34	28.675568222101205	21.78804866445085	20.72888146299968	28.807501650448263	V03_DN_S219_L003_R2_001_fastqc
35-39	29.17895844119541	21.542176205082075	20.52839853232548	28.75046682139704	V03_DN_S219_L003_R2_001_fastqc
40-44	28.956213148328214	22.25807318614339	20.02388349781662	28.761830167711782	V03_DN_S219_L003_R2_001_fastqc
45-49	28.894707893143064	21.106849302506827	20.90048246725737	29.097960337092736	V03_DN_S219_L003_R2_001_fastqc
50-54	28.552250616335346	21.433056353848254	20.77945370805417	29.23523932176223	V03_DN_S219_L003_R2_001_fastqc
55-59	28.83140540148719	21.722803663533917	20.24995748823207	29.19583344674683	V03_DN_S219_L003_R2_001_fastqc
60-64	29.131479110974617	21.6043657137706	20.328626071455645	28.93552910379914	V03_DN_S219_L003_R2_001_fastqc
65-69	29.158729270991646	21.69904605396423	20.117043409980063	29.02518126506406	V03_DN_S219_L003_R2_001_fastqc
70-74	29.325965032115498	21.62414073167832	20.00256012725706	29.047334108949123	V03_DN_S219_L003_R2_001_fastqc
75-79	29.473003297606	21.34175897409743	20.00640159816047	29.178836130136105	V03_DN_S219_L003_R2_001_fastqc
80-84	29.91076646248818	20.90963116557345	20.151815353132267	29.027787018806105	V03_DN_S219_L003_R2_001_fastqc
85-89	30.105124648885095	20.83574243428072	20.045165444471472	29.013967472362705	V03_DN_S219_L003_R2_001_fastqc
90-94	30.087748537642263	20.688172191980208	20.059508004655193	29.164571265722337	V03_DN_S219_L003_R2_001_fastqc
95-99	30.029843452067183	20.75232056859519	20.157651655878517	29.060184323459104	V03_DN_S219_L003_R2_001_fastqc
100-104	30.159055566944843	20.762746208312414	20.10190600573459	28.976292219008155	V03_DN_S219_L003_R2_001_fastqc
105-109	30.175130198186515	20.64717150609063	20.065592817453805	29.11210547826905	V03_DN_S219_L003_R2_001_fastqc
110-114	30.086138364664517	20.739865182687094	20.171693300991436	29.00230315165695	V03_DN_S219_L003_R2_001_fastqc
115-119	30.228351302769596	20.742391922096537	20.091568720944064	28.937688054189803	V03_DN_S219_L003_R2_001_fastqc
120-124	30.233526952328525	20.68772975380512	20.068833366223902	29.009909927642454	V03_DN_S219_L003_R2_001_fastqc
125-129	30.197103386163615	20.750275171436087	20.13423165837189	28.918389784028413	V03_DN_S219_L003_R2_001_fastqc
130-134	30.34412167914164	20.77556225905235	20.062842213317523	28.81747384848849	V03_DN_S219_L003_R2_001_fastqc
135-139	30.39760277790698	20.683784494598253	20.015151785293334	28.903460942201438	V03_DN_S219_L003_R2_001_fastqc
140-144	30.36957303123285	20.771586091433306	20.095994819506824	28.76284605782702	V03_DN_S219_L003_R2_001_fastqc
145-149	30.544985935264656	20.775518824600773	20.03972854841298	28.639766691721587	V03_DN_S219_L003_R2_001_fastqc
150-151	30.65759279930873	20.633504159357194	19.95468350522026	28.75421953611382	V03_DN_S219_L003_R2_001_fastqc
1	32.65326280755025	22.164469613365398	14.877872967473191	30.30439461161116	V05_DN_S220_L003_R1_001_fastqc
2	32.22324910901541	23.602971347267168	21.18903324771071	22.984746296006715	V05_DN_S220_L003_R1_001_fastqc
3	25.46333992226824	21.79891676235804	22.572237934365916	30.1655053810078	V05_DN_S220_L003_R1_001_fastqc
4	29.26807459508601	20.575352679888674	20.583576560842765	29.57299616418256	V05_DN_S220_L003_R1_001_fastqc
5	29.34600286915333	21.351830874234647	20.737237260881464	28.564928995730554	V05_DN_S220_L003_R1_001_fastqc
6	28.966810225320046	20.30382916314281	20.841750553169554	29.887610058367585	V05_DN_S220_L003_R1_001_fastqc
7	30.416422702404795	20.853345877456604	20.08162317500198	28.64860824513662	V05_DN_S220_L003_R1_001_fastqc
8	28.043259742830223	20.69362409425399	21.51366644229606	29.749449720619726	V05_DN_S220_L003_R1_001_fastqc
9	28.80874635638247	19.74639385512275	21.344144060823698	30.100715727671083	V05_DN_S220_L003_R1_001_fastqc
10-14	29.36286923624249	20.69890994805621	20.526457634054076	29.411763181647228	V05_DN_S220_L003_R1_001_fastqc
15-19	29.290779026486426	20.490455613850063	20.537800675675204	29.680964683988304	V05_DN_S220_L003_R1_001_fastqc
20-24	29.278319737558856	20.637790282005277	20.575814846028027	29.508075134407846	V05_DN_S220_L003_R1_001_fastqc
25-29	29.45990713410016	20.623355172052744	20.410069324428314	29.506668369418783	V05_DN_S220_L003_R1_001_fastqc
30-34	29.499072171312474	20.468385007615115	20.30242289888815	29.730119922184254	V05_DN_S220_L003_R1_001_fastqc
35-39	29.458034183642205	20.506348304700925	20.41523253477207	29.620384976884793	V05_DN_S220_L003_R1_001_fastqc
40-44	29.560469700318983	20.495792123464266	20.36224952415844	29.58148865205831	V05_DN_S220_L003_R1_001_fastqc
45-49	29.576505421212417	20.322856735039622	20.2825992056488	29.818038638099164	V05_DN_S220_L003_R1_001_fastqc
50-54	29.49801199629195	20.466468823400515	20.34471953003178	29.69079965027575	V05_DN_S220_L003_R1_001_fastqc
55-59	29.624657568869633	20.412012864969682	20.29222650189017	29.67110306427051	V05_DN_S220_L003_R1_001_fastqc
60-64	29.600632132748995	20.300417732318643	20.329688674182606	29.769261460749757	V05_DN_S220_L003_R1_001_fastqc
65-69	29.516378421898366	20.542064117126184	20.28738460787767	29.654172853097784	V05_DN_S220_L003_R1_001_fastqc
70-74	29.76971590302392	20.424046061403896	20.245722904235482	29.5605151313367	V05_DN_S220_L003_R1_001_fastqc
75-79	29.750277012644617	20.30059285390097	20.19634361248408	29.752786520970343	V05_DN_S220_L003_R1_001_fastqc
80-84	29.674514679169906	20.387999535174735	20.31954743719228	29.617938348463074	V05_DN_S220_L003_R1_001_fastqc
85-89	29.798925656759305	20.3719548954833	20.25763587679347	29.57148357096393	V05_DN_S220_L003_R1_001_fastqc
90-94	29.780961427877862	20.277081261299656	20.213079726012275	29.72887758481021	V05_DN_S220_L003_R1_001_fastqc
95-99	29.67434951167655	20.37733379667389	20.308747620692156	29.6395690709574	V05_DN_S220_L003_R1_001_fastqc
100-104	29.813657564123474	20.406450031277362	20.23663357955041	29.543258825048753	V05_DN_S220_L003_R1_001_fastqc
105-109	29.804787401200635	20.28041245628933	20.207620635316186	29.70717950719385	V05_DN_S220_L003_R1_001_fastqc
110-114	29.707904970557642	20.39108735403401	20.303056082800584	29.597951592607764	V05_DN_S220_L003_R1_001_fastqc
115-119	29.82812136064136	20.41447414385342	20.23151167191058	29.525892823594642	V05_DN_S220_L003_R1_001_fastqc
120-124	29.811041905636444	20.334053187740718	20.190851713699587	29.66405319292325	V05_DN_S220_L003_R1_001_fastqc
125-129	29.715936455243487	20.420727658318626	20.285875421121727	29.577460465316165	V05_DN_S220_L003_R1_001_fastqc
130-134	29.833940700599303	20.44268792540799	20.219161702213416	29.504209671779293	V05_DN_S220_L003_R1_001_fastqc
135-139	29.8401093708402	20.371660488584002	20.17594678708207	29.61228335349373	V05_DN_S220_L003_R1_001_fastqc
140-144	29.747323020688558	20.47241299151972	20.27256817433513	29.507695813456593	V05_DN_S220_L003_R1_001_fastqc
145-149	29.864071787560604	20.510711098012077	20.204184535373233	29.421032579054092	V05_DN_S220_L003_R1_001_fastqc
150-151	29.94725446761825	20.313896862616044	20.11037662680146	29.628472042964244	V05_DN_S220_L003_R1_001_fastqc
1	31.937946279369328	23.95540587805692	14.558875609978058	29.547772232595698	V05_DN_S220_L003_R2_001_fastqc
2	31.911691958465017	25.45564259428096	20.25839706742921	22.37426837982481	V05_DN_S220_L003_R2_001_fastqc
3	25.489831222522692	22.710444114904192	22.585682154803898	29.214042507769218	V05_DN_S220_L003_R2_001_fastqc
4	29.770677558706932	20.624718332500496	20.345557312471982	29.259046796320586	V05_DN_S220_L003_R2_001_fastqc
5	28.874198745100976	23.102891115444095	20.128505758032283	27.89440438142265	V05_DN_S220_L003_R2_001_fastqc
6	28.511952172176336	21.007780353024	21.308368593477052	29.171898881322605	V05_DN_S220_L003_R2_001_fastqc
7	30.10564469937172	22.337735934994807	19.546008551122103	28.010610814511374	V05_DN_S220_L003_R2_001_fastqc
8	27.822201209209414	21.082900787064453	20.86220103380568	30.232696969920454	V05_DN_S220_L003_R2_001_fastqc
9	29.0613482570271	19.792241899697398	21.20203185636164	29.94437798691386	V05_DN_S220_L003_R2_001_fastqc
10-14	29.079388336672118	21.671626644599346	20.30968145887016	28.93930355985837	V05_DN_S220_L003_R2_001_fastqc
15-19	29.170694884673914	21.317384510214836	20.179586714350485	29.33233389076077	V05_DN_S220_L003_R2_001_fastqc
20-24	29.038047009848565	21.768184289663882	20.319196316401005	28.874572384086555	V05_DN_S220_L003_R2_001_fastqc
25-29	29.116682735593823	21.102664598203404	20.415931738320396	29.364720927882377	V05_DN_S220_L003_R2_001_fastqc
30-34	29.04672269696844	21.15323854125021	20.456854017203366	29.343184744577982	V05_DN_S220_L003_R2_001_fastqc
35-39	29.29303111038007	21.013354239731775	20.447674362167515	29.24594028772064	V05_DN_S220_L003_R2_001_fastqc
40-44	29.19234752101741	21.438777676449043	20.12423966073146	29.24463514180209	V05_DN_S220_L003_R2_001_fastqc
45-49	29.269702603030755	20.672542497639572	20.530015963673435	29.527738935656238	V05_DN_S220_L003_R2_001_fastqc
50-54	29.02203568241559	20.912217101994134	20.523360912188	29.542386303402267	V05_DN_S220_L003_R2_001_fastqc
55-59	29.219613077123004	21.102124960924222	20.167637237067996	29.51062472488478	V05_DN_S220_L003_R2_001_fastqc
60-64	29.317753366098824	20.974403910489755	20.290631136901506	29.41721158650991	V05_DN_S220_L003_R2_001_fastqc
65-69	29.338130876902994	21.076659263723556	20.182495182877428	29.40271467649602	V05_DN_S220_L003_R2_001_fastqc
70-74	29.56734384874445	20.95987632546133	20.08461518235019	29.388164643444025	V05_DN_S220_L003_R2_001_fastqc
75-79	29.63976647977189	20.736628869415334	20.07876703788266	29.54483761293012	V05_DN_S220_L003_R2_001_fastqc
80-84	29.756480320996364	20.60639835878633	20.213267994798528	29.42385332541878	V05_DN_S220_L003_R2_001_fastqc
85-89	29.934216251005086	20.556086429593726	20.130544844215244	29.379152475185943	V05_DN_S220_L003_R2_001_fastqc
90-94	29.89940967817759	20.43061957825988	20.15177847199938	29.518192271563148	V05_DN_S220_L003_R2_001_fastqc
95-99	29.828235983365758	20.521582060456108	20.23117144389433	29.4190105122838	V05_DN_S220_L003_R2_001_fastqc
100-104	29.96625645524609	20.51241634384622	20.169373185966506	29.35195401494119	V05_DN_S220_L003_R2_001_fastqc
105-109	29.963954107360312	20.399303617482875	20.142593597880122	29.494148677276694	V05_DN_S220_L003_R2_001_fastqc
110-114	29.90841146818026	20.48097963419926	20.239709571685534	29.37089932593494	V05_DN_S220_L003_R2_001_fastqc
115-119	30.03921777667349	20.49366451860504	20.152116699817274	29.315001004904197	V05_DN_S220_L003_R2_001_fastqc
120-124	30.043588399901573	20.425657994304473	20.116407967233407	29.41434563856055	V05_DN_S220_L003_R2_001_fastqc
125-129	29.9913529034098	20.513310918980878	20.212795605769426	29.2825405718399	V05_DN_S220_L003_R2_001_fastqc
130-134	30.15411753718531	20.517149182885515	20.125678179458497	29.20305510047068	V05_DN_S220_L003_R2_001_fastqc
135-139	30.158108901551135	20.437307725230124	20.11588943568064	29.288693937538106	V05_DN_S220_L003_R2_001_fastqc
140-144	30.117401070005627	20.533658152009814	20.193481960906787	29.15545881707777	V05_DN_S220_L003_R2_001_fastqc
145-149	30.290527022958607	20.560438483637352	20.11678311597688	29.03225137742716	V05_DN_S220_L003_R2_001_fastqc
150-151	30.42701223194318	20.37142626205606	20.02418960922185	29.177371896778908	V05_DN_S220_L003_R2_001_fastqc
1	32.26328735034661	22.084597490681535	15.169677030979765	30.48243812799209	V09_DN_S221_L003_R1_001_fastqc
2	31.994345041761374	23.37347901860379	21.457034278011587	23.175141661623254	V09_DN_S221_L003_R1_001_fastqc
3	25.60713611629652	21.844781743459734	22.401501758018757	30.14658038222499	V09_DN_S221_L003_R1_001_fastqc
4	29.126228148735052	20.72185486542972	20.642317010669032	29.509599975166196	V09_DN_S221_L003_R1_001_fastqc
5	29.220898359109288	21.31628279844295	20.861115562460956	28.601703279986808	V09_DN_S221_L003_R1_001_fastqc
6	28.875547810636448	20.424400970995542	20.849559872498777	29.850491345869234	V09_DN_S221_L003_R1_001_fastqc
7	30.39510774048628	20.730950744989464	20.23759519995963	28.63634631456462	V09_DN_S221_L003_R1_001_fastqc
8	28.044547735054522	20.708170997567443	21.63299400284847	29.614287264529572	V09_DN_S221_L003_R1_001_fastqc
9	28.613942710297767	19.901456231406005	21.490156759878523	29.994444298417704	V09_DN_S221_L003_R1_001_fastqc
10-14	29.26712980516502	20.74164553726493	20.686973032136585	29.304251625433466	V09_DN_S221_L003_R1_001_fastqc
15-19	29.239870309834444	20.546553704178024	20.67724501376647	29.53633097222106	V09_DN_S221_L003_R1_001_fastqc
20-24	29.209337281672866	20.650892900762393	20.71559157090229	29.424178246662454	V09_DN_S221_L003_R1_001_fastqc
25-29	29.41014787160906	20.651731402548815	20.55621485939896	29.381905866443166	V09_DN_S221_L003_R1_001_fastqc
30-34	29.434898754511842	20.486626837219447	20.450374424236163	29.62809998403256	V09_DN_S221_L003_R1_001_fastqc
35-39	29.374572165348617	20.563866514934276	20.53671986991061	29.524841449806498	V09_DN_S221_L003_R1_001_fastqc
40-44	29.529871360767707	20.531775599238475	20.439606015142108	29.498747024851713	V09_DN_S221_L003_R1_001_fastqc
45-49	29.512356606675556	20.40626745078417	20.39456480317363	29.686811139366647	V09_DN_S221_L003_R1_001_fastqc
50-54	29.428816060084788	20.510701974211422	20.495517616430792	29.564964349272998	V09_DN_S221_L003_R1_001_fastqc
55-59	29.577360681054905	20.509539180860042	20.408691046061772	29.50440909202328	V09_DN_S221_L003_R1_001_fastqc
60-64	29.538511227829662	20.399294154373084	20.398715668527696	29.663478949269557	V09_DN_S221_L003_R1_001_fastqc
65-69	29.447662966164284	20.556874164198938	20.46248749597274	29.532975373664037	V09_DN_S221_L003_R1_001_fastqc
70-74	29.62609387799904	20.51920899919533	20.381138277267468	29.47355884553816	V09_DN_S221_L003_R1_001_fastqc
75-79	29.589651146745098	20.396902219984472	20.367078520568853	29.646368112701577	V09_DN_S221_L003_R1_001_fastqc
80-84	29.486837139373694	20.500936594087698	20.479802950839304	29.5324233156993	V09_DN_S221_L003_R1_001_fastqc
85-89	29.637275754589798	20.506729093539644	20.36440903119497	29.49158612067559	V09_DN_S221_L003_R1_001_fastqc
90-94	29.58515702869487	20.42227041073233	20.365145843199112	29.627426717373684	V09_DN_S221_L003_R1_001_fastqc
95-99	29.499498014002658	20.50420198583055	20.463819733727956	29.53248026643884	V09_DN_S221_L003_R1_001_fastqc
100-104	29.637093543427977	20.52696856318162	20.380431116558675	29.455506776831726	V09_DN_S221_L003_R1_001_fastqc
105-109	29.60489989503416	20.42741198430493	20.35258869678967	29.615099423871243	V09_DN_S221_L003_R1_001_fastqc
110-114	29.502868063182007	20.5366890992824	20.452883484057043	29.507559353478545	V09_DN_S221_L003_R1_001_fastqc
115-119	29.648417496795954	20.559506300061486	20.339212219635936	29.452863983506628	V09_DN_S221_L003_R1_001_fastqc
120-124	29.621774515929577	20.464321999913608	20.31921688843784	29.594686595718976	V09_DN_S221_L003_R1_001_fastqc
125-129	29.509663223985967	20.580806849233333	20.426724181066486	29.482805745714213	V09_DN_S221_L003_R1_001_fastqc
130-134	29.629562537024384	20.600331213202317	20.32768774395874	29.442418505814555	V09_DN_S221_L003_R1_001_fastqc
135-139	29.61627593002179	20.534258805733625	20.272139169145213	29.577326095099377	V09_DN_S221_L003_R1_001_fastqc
140-144	29.508975554818612	20.64876617936145	20.366413489555836	29.47584477626411	V09_DN_S221_L003_R1_001_fastqc
145-149	29.660359368619915	20.653578294821106	20.28986461921224	29.396197717346737	V09_DN_S221_L003_R1_001_fastqc
150-151	29.680711902916645	20.494835296205977	20.190828306093174	29.633624494784204	V09_DN_S221_L003_R1_001_fastqc
1	32.495941086258014	22.318662261424663	15.220002732336784	29.96539391998054	V09_DN_S221_L003_R2_001_fastqc
2	32.58791986980348	23.751722871017073	20.70872222753036	22.951635031649094	V09_DN_S221_L003_R2_001_fastqc
3	26.401537980316665	22.085622415528945	21.979717889852328	29.533121714302062	V09_DN_S221_L003_R2_001_fastqc
4	29.85508326468327	20.50697106056646	20.364589908925886	29.273355765824387	V09_DN_S221_L003_R2_001_fastqc
5	29.586212582516424	21.454961995969306	20.58062807333536	28.378197348178908	V09_DN_S221_L003_R2_001_fastqc
6	29.23698858279723	20.466040849511582	20.71996876227481	29.577001805416376	V09_DN_S221_L003_R2_001_fastqc
7	30.830421817242087	20.74534389671064	20.019871783503127	28.404362502544146	V09_DN_S221_L003_R2_001_fastqc
8	28.470076101289916	20.65909552500094	21.370790160499702	29.50003821320944	V09_DN_S221_L003_R2_001_fastqc
9	29.098187647475914	19.917383402386342	21.24649681199203	29.737932138145712	V09_DN_S221_L003_R2_001_fastqc
10-14	29.613495195701056	20.84137772703495	20.55591237258699	28.989214704677003	V09_DN_S221_L003_R2_001_fastqc
15-19	29.557469509185857	20.6308016946678	20.530607147581208	29.281121648565133	V09_DN_S221_L003_R2_001_fastqc
20-24	29.551991719390298	20.630903274593997	20.609776943440888	29.207328062574817	V09_DN_S221_L003_R2_001_fastqc
25-29	29.64557603526881	20.775326359230707	20.351717332693088	29.227380272807395	V09_DN_S221_L003_R2_001_fastqc
30-34	29.587249650361418	20.57651322655822	20.436419215314345	29.399817907766018	V09_DN_S221_L003_R2_001_fastqc
35-39	29.563311868181017	20.640750926763555	20.46769425889656	29.328242946158873	V09_DN_S221_L003_R2_001_fastqc
40-44	29.71143575363875	20.697602725387526	20.30184791778688	29.289113603186852	V09_DN_S221_L003_R2_001_fastqc
45-49	29.673854990281907	20.452674816317433	20.404094363128312	29.469375830272355	V09_DN_S221_L003_R2_001_fastqc
50-54	29.551386432870746	20.578954630238293	20.48510239303992	29.384556543851037	V09_DN_S221_L003_R2_001_fastqc
55-59	29.696916181840326	20.599710041669475	20.354877173103908	29.34849660338629	V09_DN_S221_L003_R2_001_fastqc
60-64	29.820250716977142	20.5173903102404	20.244625556127207	29.417733416655246	V09_DN_S221_L003_R2_001_fastqc
65-69	29.62553540610121	20.703446801617353	20.304604412234447	29.36641338004699	V09_DN_S221_L003_R2_001_fastqc
70-74	29.807025017265087	20.694926329496326	20.215999324641828	29.28204932859676	V09_DN_S221_L003_R2_001_fastqc
75-79	29.75993335445814	20.582980838583232	20.210806602315756	29.446279204642874	V09_DN_S221_L003_R2_001_fastqc
80-84	29.789272360306107	20.559869080853872	20.329322283713708	29.321536275126313	V09_DN_S221_L003_R2_001_fastqc
85-89	29.946223101125003	20.54952585597563	20.228448092470465	29.275802950428904	V09_DN_S221_L003_R2_001_fastqc
90-94	29.904884743405745	20.464101606389264	20.229599530345496	29.401414119859492	V09_DN_S221_L003_R2_001_fastqc
95-99	29.832113578882264	20.553068203070698	20.317891608200163	29.296926609846874	V09_DN_S221_L003_R2_001_fastqc
100-104	29.942035992111666	20.568033425674727	20.254027931813827	29.235902650399787	V09_DN_S221_L003_R2_001_fastqc
105-109	29.931583531813228	20.471587844700828	20.227808133553655	29.36902048993229	V09_DN_S221_L003_R2_001_fastqc
110-114	29.87882538800469	20.573832931658966	20.317745859436148	29.2295958209002	V09_DN_S221_L003_R2_001_fastqc
115-119	30.006691313391432	20.59343440475288	20.227109806585357	29.17276447527033	V09_DN_S221_L003_R2_001_fastqc
120-124	30.01636562859888	20.53045177099421	20.206996865767174	29.24618573463974	V09_DN_S221_L003_R2_001_fastqc
125-129	29.962447984870828	20.6060287664471	20.29706466898277	29.134458579699302	V09_DN_S221_L003_R2_001_fastqc
130-134	30.11680409424014	20.630620193167807	20.22032118988062	29.032254522711426	V09_DN_S221_L003_R2_001_fastqc
135-139	30.142251049999608	20.564040147047454	20.194829471162187	29.098879331790755	V09_DN_S221_L003_R2_001_fastqc
140-144	30.112242784737003	20.65801351597088	20.269545843338264	28.960197855953858	V09_DN_S221_L003_R2_001_fastqc
145-149	30.27630446082511	20.663636567086346	20.21591148528506	28.844147486803486	V09_DN_S221_L003_R2_001_fastqc
150-151	30.402902232951373	20.470742471849004	20.160650803496814	28.96570449170281	V09_DN_S221_L003_R2_001_fastqc
1	32.547297676893535	22.055338180499216	15.027937388293703	30.369426754313544	V10_DN_S222_L003_R1_001_fastqc
2	32.04302901174247	23.395874383907643	21.37270984519595	23.188386759153946	V10_DN_S222_L003_R1_001_fastqc
3	25.669632439970353	21.738399593072536	22.380839637110068	30.21112832984705	V10_DN_S222_L003_R1_001_fastqc
4	29.307992629583147	20.653061660480144	20.51529895585761	29.523646754079095	V10_DN_S222_L003_R1_001_fastqc
5	29.441051127868374	21.244589632257327	20.70568881051367	28.608670429360632	V10_DN_S222_L003_R1_001_fastqc
6	28.977765617512745	20.27966972065173	20.823261333956154	29.91930332787937	V10_DN_S222_L003_R1_001_fastqc
7	30.453220956763605	20.73882753233078	20.116683958518777	28.691267552386833	V10_DN_S222_L003_R1_001_fastqc
8	28.15351964382954	20.65290371003065	21.475227393574276	29.718349252565535	V10_DN_S222_L003_R1_001_fastqc
9	28.744184665640233	19.73766905625385	21.379808520474707	30.138337757631206	V10_DN_S222_L003_R1_001_fastqc
10-14	29.3908815393641	20.64247349383918	20.54416088708903	29.42248407970769	V10_DN_S222_L003_R1_001_fastqc
15-19	29.352043912805325	20.443034574851804	20.5091720491692	29.695749463173666	V10_DN_S222_L003_R1_001_fastqc
20-24	29.32874551753298	20.574202177898226	20.554107807833233	29.54294449673556	V10_DN_S222_L003_R1_001_fastqc
25-29	29.500072684219468	20.57207115594992	20.41862906583627	29.509227093994344	V10_DN_S222_L003_R1_001_fastqc
30-34	29.561155305158927	20.33966386209287	20.326369978103966	29.772810854644238	V10_DN_S222_L003_R1_001_fastqc
35-39	29.50433407878861	20.435312473187608	20.36091859586138	29.699434852162405	V10_DN_S222_L003_R1_001_fastqc
40-44	29.605121147395103	20.48077055750344	20.282666219661568	29.631442075439885	V10_DN_S222_L003_R1_001_fastqc
45-49	29.635212871786738	20.297945210965494	20.248887863656968	29.817954053590796	V10_DN_S222_L003_R1_001_fastqc
50-54	29.545576779090375	20.420737417291857	20.33675892887389	29.696926874743873	V10_DN_S222_L003_R1_001_fastqc
55-59	29.667201527419284	20.39124954053259	20.27544741376425	29.66610151828387	V10_DN_S222_L003_R1_001_fastqc
60-64	29.64364444716512	20.277022490092953	20.28335760119459	29.795975461547336	V10_DN_S222_L003_R1_001_fastqc
65-69	29.55880354280756	20.460655802027773	20.311376002835484	29.669164652329183	V10_DN_S222_L003_R1_001_fastqc
70-74	29.763910084320937	20.41870454658464	20.22330430705419	29.594081062040235	V10_DN_S222_L003_R1_001_fastqc
75-79	29.772645952773473	20.275890486892003	20.179988086743272	29.77147547359126	V10_DN_S222_L003_R1_001_fastqc
80-84	29.68519966542355	20.369920525384387	20.307505156551358	29.637374652640702	V10_DN_S222_L003_R1_001_fastqc
85-89	29.8232779837092	20.364845521887794	20.20948154087561	29.602394953527394	V10_DN_S222_L003_R1_001_fastqc
90-94	29.79712706045683	20.263892857836264	20.188172497180005	29.7508075845269	V10_DN_S222_L003_R1_001_fastqc
95-99	29.68605188097802	20.36609335281604	20.2882327344084	29.65962203179754	V10_DN_S222_L003_R1_001_fastqc
100-104	29.81942547802323	20.387819058611534	20.21300427214915	29.579751191216086	V10_DN_S222_L003_R1_001_fastqc
105-109	29.802308298102986	20.263707550442398	20.192927539471047	29.741056611983563	V10_DN_S222_L003_R1_001_fastqc
110-114	29.703396533377884	20.381643782703645	20.281940238363216	29.633019445555252	V10_DN_S222_L003_R1_001_fastqc
115-119	29.825765272246446	20.39239632712981	20.18665865987157	29.59517974075217	V10_DN_S222_L003_R1_001_fastqc
120-124	29.80187866035262	20.31974088103345	20.156018694031747	29.722361764582182	V10_DN_S222_L003_R1_001_fastqc
125-129	29.717970557473627	20.409335711924147	20.24957304528408	29.62312068531815	V10_DN_S222_L003_R1_001_fastqc
130-134	29.84673845352305	20.451066956097	20.150260530873464	29.551934059506486	V10_DN_S222_L003_R1_001_fastqc
135-139	29.82820414532664	20.351784039297552	20.12421694513198	29.695794870243823	V10_DN_S222_L003_R1_001_fastqc
140-144	29.714053016148217	20.47988300037732	20.19382815028949	29.612235833184975	V10_DN_S222_L003_R1_001_fastqc
145-149	29.85944990703712	20.482464142662206	20.1170076715144	29.54107827878627	V10_DN_S222_L003_R1_001_fastqc
150-151	29.91271380807739	20.29380867225143	20.037862944215835	29.75561457545534	V10_DN_S222_L003_R1_001_fastqc
1	32.27126399459976	23.069605043075917	14.968737116209919	29.69039384611441	V10_DN_S222_L003_R2_001_fastqc
2	32.13153898169095	24.522744068205558	20.583993465944804	22.761723484158686	V10_DN_S222_L003_R2_001_fastqc
3	26.047991965276562	22.326101135287026	22.164278866163308	29.4616280332731	V10_DN_S222_L003_R2_001_fastqc
4	29.912254930700904	20.541229332310674	20.253462498415445	29.293053238572973	V10_DN_S222_L003_R2_001_fastqc
5	29.345372749791583	22.25566900120105	20.25885500091526	28.140103248092107	V10_DN_S222_L003_R2_001_fastqc
6	28.97198806770434	20.686896207332232	20.953912987109657	29.38720273785377	V10_DN_S222_L003_R2_001_fastqc
7	30.49614062533041	21.53617999550165	19.70792980438587	28.259749574782074	V10_DN_S222_L003_R2_001_fastqc
8	28.193823660422744	20.828334044046713	21.06319518154482	29.91464711398572	V10_DN_S222_L003_R2_001_fastqc
9	29.113899312278757	19.751088844801956	21.195498889716305	29.93951295320298	V10_DN_S222_L003_R2_001_fastqc
10-14	29.42957440274861	21.130617136508693	20.36451735002189	29.07529111072081	V10_DN_S222_L003_R2_001_fastqc
15-19	29.532734837958273	20.725369576579318	20.29202969936771	29.449865886094695	V10_DN_S222_L003_R2_001_fastqc
20-24	29.440627681033472	20.69177004893719	20.679515726789493	29.188086543239844	V10_DN_S222_L003_R2_001_fastqc
25-29	29.600058848547178	20.696512027470856	20.172071767887935	29.53135735609403	V10_DN_S222_L003_R2_001_fastqc
30-34	29.403632353313714	20.697695440422294	20.42969230090324	29.468979905360747	V10_DN_S222_L003_R2_001_fastqc
35-39	29.48361302168529	20.70221946185462	20.44130192759698	29.37286558886311	V10_DN_S222_L003_R2_001_fastqc
40-44	29.557527896810893	20.908760370149555	20.190678404166224	29.34303332887333	V10_DN_S222_L003_R2_001_fastqc
45-49	29.55565067542225	20.47666373617736	20.35795756002163	29.609728028378758	V10_DN_S222_L003_R2_001_fastqc
50-54	29.423035674366112	20.642104756372824	20.433624192964167	29.501235376296897	V10_DN_S222_L003_R2_001_fastqc
